[ 5470.028265] [Project1] 4820 1588139337.435824630 1588139338.640928452
[ 5472.255339] [Project1] 4821 1588139339.717878192 1588139340.868036286
[ 5474.844568] [Project1] 4822 1588139342.264939045 1588139343.457319134
[ 5477.045542] [Project1] 4823 1588139344.538058897 1588139345.658335366
[ 5479.225868] [Project1] 4824 1588139346.720579878 1588139347.838701810
[ 5481.432980] [Project1] 4825 1588139348.908728501 1588139350.045853976
[ 5483.602264] [Project1] 4826 1588139351.123761595 1588139352.215177742
[ 5485.801638] [Project1] 4827 1588139353.308912854 1588139354.414590593
[ 5488.023412] [Project1] 4828 1588139355.540118386 1588139356.636406239
[ 5490.212073] [Project1] 4829 1588139357.701068619 1588139358.825106271
